3,2
3,1
3,3
10,64
10,210
10,24
10,134
10,88
10,218
10,204
10,206
11,13
8,6
8,9
8,2
8,3
20,3
20,2
20,1
19,3
19,2
19,1
12,3
12,2
12,1
11,28
11,27
11,26
11,25
11,24
11,23
11,22
11,21
11,20
11,19
11,18
11,16
11,15
11,14
11,12
11,11
11,10
11,8
11,7
11,6
11,5
11,4
11,3
11,2
11,1
10,303
10,302
10,301
10,300
10,299
10,298
10,297
10,296
10,295
10,294
10,293
10,292
10,291
10,290
10,289
10,288
10,287
10,286
10,285
10,284
10,283
10,282
10,273
10,271
10,250
10,242
10,224
10,222
10,196
10,179
10,120
10,109
10,91
10,87
10,73
10,25
10,16
10,3
10,2
10,1
9,7
9,6
9,5
9,4
9,3
9,2
9,1
8,17
8,16
8,14
